&a / 	I1 / %
2,736	0,4
2,733	0,4
2,731	0,4
2,728	0,4
2,725	0,4
2,723	0,4
2,720	0,4
2,717	0,4
2,715	0,4
2,712	0,4
2,709	0,4
2,707	0,4
2,704	0,4
2,701	0,4
2,699	0,4
2,696	0,4
2,693	0,4
2,691	0,4
2,688	0,4
2,685	0,4
2,683	0,4
2,680	0,4
2,677	0,4
2,675	0,4
2,672	0,4
2,669	0,4
2,667	0,4
2,664	0,4
2,661	0,4
2,659	0,4
2,656	0,4
2,653	0,4
2,651	0,4
2,648	0,4
2,645	0,4
2,643	0,4
2,640	0,4
2,637	0,4
2,635	0,4
2,632	0,4
2,629	0,4
2,627	0,4
2,624	0,4
2,621	0,4
2,619	0,4
2,616	0,4
2,613	0,4
2,610	0,4
2,608	0,4
2,605	0,4
2,602	0,4
2,600	0,4
2,597	0,4
2,594	0,4
2,592	0,4
2,589	0,4
2,586	0,4
2,584	0,4
2,581	0,4
2,578	0,4
2,576	0,4
2,573	0,4
2,570	0,4
2,568	0,4
2,565	0,4
2,562	0,4
2,560	0,4
2,557	0,4
2,554	0,4
2,552	0,4
2,549	0,4
2,546	0,4
2,544	0,4
2,541	0,4
2,538	0,4
2,536	0,4
2,533	0,4
2,530	0,4
2,528	0,4
2,525	0,4
2,522	0,4
2,520	0,4
2,517	0,4
2,514	0,4
2,512	0,4
2,509	0,4
2,506	0,4
2,504	0,4
2,501	0,4
2,498	0,4
2,496	0,4
2,493	0,4
2,490	0,4
2,488	0,4
2,485	0,4
2,482	0,4
2,480	0,4
2,477	0,4
2,474	0,4
2,472	0,4
2,469	0,4
2,466	0,4
2,464	0,4
2,461	0,4
2,458	0,4
2,456	0,4
2,453	0,4
2,450	0,4
2,448	0,4
2,445	0,4
2,442	0,4
2,440	0,4
2,437	0,4
2,434	0,4
2,432	0,4
2,429	0,4
2,426	0,4
2,424	0,4
2,421	0,4
2,418	0,4
2,416	0,4
2,413	0,4
2,410	0,4
2,408	0,4
2,405	0,4
2,402	0,4
2,400	0,4
2,397	0,4
2,394	0,4
2,392	0,4
2,389	0,4
2,386	0,4
2,384	0,4
2,381	0,4
2,378	0,4
2,376	0,4
2,373	0,4
2,370	0,4
2,368	0,4
2,365	0,4
2,362	0,4
2,360	0,4
2,357	0,4
2,354	0,4
2,352	0,4
2,349	0,4
2,346	0,4
2,344	0,4
2,341	0,4
2,338	0,4
2,336	0,4
2,333	0,4
2,330	0,4
2,328	0,4
2,325	0,4
2,322	0,4
2,320	0,4
2,317	0,4
2,314	0,4
2,312	0,4
2,309	0,4
2,306	0,4
2,304	0,4
2,301	0,4
2,298	0,4
2,296	0,4
2,293	0,4
2,290	0,4
2,288	0,4
2,285	0,4
2,282	0,4
2,280	0,4
2,277	0,4
2,274	0,4
2,272	0,4
2,269	0,4
2,266	0,4
2,264	0,4
2,261	0,4
2,258	0,4
2,256	0,4
2,253	0,4
2,250	0,4
2,248	0,4
2,245	0,4
2,242	0,4
2,240	0,4
2,237	0,4
2,234	0,4
2,231	0,4
2,229	0,4
2,226	0,4
2,223	0,4
2,221	0,4
2,218	0,4
2,215	0,4
2,213	0,4
2,210	0,4
2,207	0,4
2,205	0,4
2,202	0,4
2,199	0,4
2,197	0,4
2,194	0,4
2,191	0,4
2,189	0,4
2,186	0,4
2,183	0,4
2,181	0,4
2,178	0,4
2,175	0,4
2,173	0,4
2,170	0,4
2,167	0,4
2,165	0,4
2,162	0,4
2,159	0,4
2,157	0,4
2,154	0,4
2,151	0,4
2,149	0,4
2,146	0,4
2,143	0,4
2,141	0,4
2,138	0,4
2,135	0,4
2,133	0,4
2,130	0,4
2,127	0,4
2,125	0,4
2,122	0,4
2,119	0,4
2,117	0,4
2,114	0,4
2,111	0,4
2,109	0,4
2,106	0,4
2,103	0,4
2,101	0,4
2,098	0,4
2,095	0,4
2,093	0,4
2,090	0,4
2,087	0,4
2,085	0,4
2,082	0,4
2,079	0,4
2,077	0,4
2,074	0,4
2,071	0,4
2,069	0,4
2,066	0,4
2,063	0,4
2,061	0,4
2,058	0,4
2,055	0,4
2,053	0,4
2,050	0,4
2,047	0,4
2,045	0,4
2,042	0,4
2,039	0,4
2,037	0,4
2,034	0,4
2,031	0,4
2,029	0,4
2,026	0,4
2,023	0,4
2,021	0,4
2,018	0,4
2,015	0,4
2,013	0,4
2,010	0,4
2,007	0,4
2,005	0,4
2,002	0,4
1,999	0,4
1,997	0,4
1,994	0,4
1,991	0,4
1,989	0,4
1,986	0,4
1,983	0,4
1,980	0,4
1,978	0,4
1,975	0,4
1,972	0,4
1,970	0,4
1,967	0,4
1,964	0,4
1,962	0,4
1,959	0,4
1,956	0,4
1,954	0,4
1,951	0,4
1,948	0,4
1,946	0,4
1,943	0,4
1,940	0,4
1,938	0,4
1,935	0,4
1,932	0,4
1,930	0,4
1,927	0,4
1,924	0,4
1,922	0,4
1,919	0,4
1,916	0,4
1,914	0,4
1,911	0,4
1,908	0,4
1,906	0,4
1,903	0,4
1,900	0,4
1,898	0,4
1,895	0,4
1,892	0,4
1,890	0,4
1,887	0,4
1,884	0,4
1,882	0,4
1,879	0,4
1,876	0,4
1,874	0,4
1,871	0,4
1,868	0,4
1,866	0,4
1,863	0,4
1,860	0,4
1,858	0,4
1,855	0,4
1,852	0,4
1,850	0,4
1,847	0,4
1,844	0,4
1,842	0,4
1,839	0,4
1,836	0,4
1,834	0,4
1,831	0,4
1,828	0,4
1,826	0,4
1,823	0,4
1,820	0,4
1,818	0,4
1,815	0,4
1,812	0,4
1,810	0,4
1,807	0,4
1,804	0,4
1,802	0,4
1,799	0,4
1,796	0,4
1,794	0,4
1,791	0,4
1,788	0,4
1,786	0,4
1,783	0,4
1,780	0,4
1,778	0,4
1,775	0,4
1,772	0,4
1,769	0,4
1,767	0,4
1,764	0,4
1,761	0,4
1,759	0,4
1,756	0,4
1,753	0,4
1,751	0,4
1,748	0,4
1,745	0,4
1,743	0,4
1,740	0,4
1,737	0,4
1,735	0,4
1,732	0,4
1,729	0,4
1,727	0,4
1,724	0,4
1,721	0,4
1,719	0,4
1,716	0,4
1,713	0,4
1,711	0,4
1,708	0,4
1,705	0,4
1,703	0,4
1,700	0,4
1,697	0,4
1,695	0,4
1,692	0,4
1,689	0,4
1,687	0,4
1,684	0,4
1,681	0,4
1,679	0,4
1,676	0,4
1,673	0,4
1,671	0,4
1,668	0,4
1,665	0,4
1,663	0,4
1,660	0,4
1,657	0,4
1,655	0,4
1,652	0,4
1,649	0,4
1,647	0,4
1,644	0,4
1,641	0,4
1,639	0,4
1,636	0,4
1,633	0,4
1,631	0,4
1,628	0,4
1,625	0,4
1,623	0,4
1,620	0,4
1,617	0,4
1,615	0,4
1,612	0,4
1,609	0,4
1,607	0,4
1,604	0,4
1,601	0,4
1,599	0,4
1,596	0,4
1,593	0,4
1,591	0,4
1,588	0,4
1,585	0,4
1,582	0,4
1,580	0,4
1,577	0,4
1,574	0,4
1,572	0,4
1,569	0,4
1,566	0,4
1,564	0,4
1,561	0,4
1,558	0,4
1,556	0,4
1,553	0,4
1,550	0,4
1,548	0,4
1,545	0,4
1,542	0,4
1,540	0,4
1,537	0,4
1,534	0,4
1,532	0,4
1,529	0,4
1,526	0,4
1,524	0,4
1,521	0,4
1,518	0,4
1,516	0,4
1,513	0,4
1,510	0,4
1,508	0,4
1,505	0,4
1,502	0,4
1,500	0,4
1,497	0,4
1,494	0,4
1,492	0,4
1,489	0,4
1,486	0,4
1,484	0,4
1,481	0,4
1,478	0,4
1,476	0,4
1,473	0,4
1,470	0,4
1,468	0,4
1,465	0,4
1,462	0,4
1,460	0,4
1,457	0,4
1,454	0,4
1,452	0,4
1,449	0,4
1,446	0,4
1,444	0,4
1,441	0,4
1,438	0,4
1,436	0,4
1,433	0,4
1,430	0,4
1,428	0,4
1,425	0,4
1,422	0,4
1,419	0,4
1,417	0,4
1,414	0,4
1,411	0,4
1,409	0,4
1,406	0,4
1,403	0,4
1,401	0,4
1,398	0,4
1,395	0,4
1,393	0,4
1,390	0,4
1,387	0,4
1,385	0,4
1,382	0,4
1,379	0,4
1,377	0,4
1,374	0,4
1,371	0,4
1,369	0,4
1,366	0,4
1,363	0,4
1,361	0,4
1,358	0,4
1,355	0,4
1,353	0,4
1,350	0,4
1,347	0,4
1,345	0,4
1,342	0,4
1,339	0,4
1,337	0,4
1,334	0,4
1,331	0,4
1,329	0,4
1,326	0,4
1,323	0,4
1,321	0,4
1,318	0,4
1,315	0,4
1,313	0,4
1,310	0,4
1,307	0,4
1,305	0,4
1,302	0,4
1,299	0,4
1,297	0,4
1,294	0,4
1,291	0,4
1,289	0,4
1,286	0,4
1,283	0,4
1,281	0,4
1,278	0,4
1,275	0,4
1,273	0,4
1,270	0,4
1,267	0,4
1,265	0,4
1,262	0,4
1,259	0,4
1,256	0,4
1,254	0,4
1,251	0,4
1,248	0,4
1,246	0,4
1,243	0,4
1,240	0,4
1,238	0,4
1,235	0,4
1,232	0,4
1,230	0,4
1,227	0,4
1,224	0,4
1,222	0,4
1,219	0,4
1,216	0,4
1,214	0,4
1,211	0,4
1,208	0,4
1,206	0,4
1,203	0,4
1,200	0,4
1,198	0,4
1,195	0,4
1,192	0,4
1,190	0,4
1,187	0,4
1,184	0,4
1,182	0,4
1,179	0,4
1,176	0,4
1,174	0,4
1,171	0,4
1,168	0,4
1,166	0,4
1,163	0,4
1,160	0,4
1,158	0,4
1,155	0,4
1,152	0,4
1,150	0,4
1,147	0,4
1,144	0,4
1,142	0,4
1,139	0,4
1,136	0,4
1,134	0,4
1,131	0,4
1,128	0,4
1,126	0,4
1,123	0,4
1,120	0,4
1,118	0,4
1,115	0,4
1,112	0,4
1,109	0,4
1,107	0,4
1,104	0,4
1,101	0,4
1,099	0,4
1,096	0,4
1,093	0,4
1,091	0,4
1,088	0,4
1,085	0,4
1,083	0,4
1,080	0,4
1,077	0,4
1,075	0,4
1,072	0,4
1,069	0,4
1,067	0,4
1,064	0,4
1,061	0,4
1,059	0,4
1,056	0,4
1,053	0,4
1,051	0,4
1,048	0,4
1,045	0,4
1,043	0,4
1,040	0,4
1,037	0,4
1,035	0,4
1,032	0,4
1,029	0,4
1,027	0,4
1,024	0,4
1,021	0,4
1,019	0,4
1,016	0,4
1,013	0,4
1,011	0,4
1,008	0,4
1,005	0,4
1,003	0,4
1,000	0,4
0,997	0,4
0,995	0,4
0,992	0,4
0,989	0,4
0,987	0,4
0,984	0,4
0,981	0,4
0,979	0,4
0,976	0,4
0,973	0,4
0,970	0,4
0,968	0,4
0,965	0,4
0,962	0,4
0,960	0,4
0,957	0,4
0,954	0,4
0,952	0,4
0,949	0,4
0,946	0,4
0,944	0,4
0,941	0,4
0,938	0,4
0,936	0,4
0,933	0,4
0,930	0,4
0,928	0,4
0,925	0,4
0,922	0,4
0,920	0,4
0,917	0,4
0,914	0,4
0,912	0,4
0,909	0,4
0,906	0,4
0,904	0,4
0,901	0,4
0,898	0,4
0,896	0,4
0,893	0,4
0,890	0,4
0,888	0,4
0,885	0,4
0,882	0,4
0,880	0,4
0,877	0,4
0,874	0,4
0,872	0,4
0,869	0,4
0,866	0,4
0,864	0,4
0,861	0,4
0,858	0,4
0,856	0,4
0,853	0,4
0,850	0,4
0,848	0,4
0,845	0,4
0,842	0,4
0,840	0,4
0,837	0,4
0,834	0,4
0,831	0,4
0,829	0,4
0,826	0,4
0,823	0,4
0,821	0,4
0,818	0,4
0,815	0,4
0,813	0,4
0,810	0,4
0,807	0,4
0,805	0,4
0,802	0,4
0,799	0,4
0,797	0,4
0,794	0,4
0,791	0,4
0,789	0,4
0,786	0,4
0,783	0,4
0,781	0,4
0,778	0,4
0,775	0,4
0,773	0,4
0,770	0,4
0,767	0,4
0,765	0,4
0,762	0,4
0,759	0,4
0,757	0,4
0,754	0,4
0,751	0,4
0,749	0,4
0,746	0,4
0,743	0,4
0,741	0,4
0,738	0,4
0,735	0,4
0,733	0,4
0,730	0,4
0,727	0,4
0,725	0,4
0,722	0,4
0,719	0,4
0,717	0,4
0,714	0,4
0,711	0,4
0,709	0,4
0,706	0,4
0,703	0,4
0,701	0,4
0,698	0,4
0,695	0,4
0,692	0,4
0,690	0,4
0,687	0,4
0,684	0,4
0,682	0,4
0,679	0,4
0,676	0,4
0,674	0,4
0,671	0,4
0,668	0,4
0,666	0,4
0,663	0,4
0,660	0,4
0,658	0,4
0,655	0,4
0,652	0,4
0,650	0,4
0,647	0,4
0,644	0,4
0,642	0,4
0,639	0,4
0,636	0,4
0,634	0,4
0,631	0,4
0,628	0,4
0,626	0,4
0,623	0,4
0,620	0,4
0,618	0,4
0,615	0,4
0,612	0,4
0,610	0,4
0,607	0,4
0,604	0,4
0,602	0,4
0,599	0,4
0,596	0,4
0,594	0,4
0,591	0,4
0,588	0,4
0,586	0,4
0,583	0,4
0,580	0,4
0,578	0,4
0,575	0,4
0,572	0,4
0,570	0,4
0,567	0,4
0,564	0,4
0,561	0,4
0,559	0,4
0,556	0,4
0,553	0,4
0,551	0,4
0,548	0,4
0,545	0,4
0,543	0,4
0,540	0,4
0,537	0,4
0,535	0,4
0,532	0,4
0,529	0,4
0,527	0,4
0,524	0,4
0,521	0,4
0,519	0,4
0,516	0,4
0,513	0,4
0,511	0,4
0,508	0,4
0,505	0,4
0,503	0,4
0,500	0,4
0,497	0,4
0,495	0,4
0,492	0,4
0,489	0,4
0,487	0,4
0,484	0,4
0,481	0,4
0,479	0,4
0,476	0,4
0,473	0,4
0,471	0,4
0,468	0,4
0,465	0,4
0,463	0,4
0,460	0,4
0,457	0,4
0,455	0,4
0,452	0,4
0,449	0,4
0,447	0,4
0,444	0,4
0,441	0,4
0,438	0,4
0,436	0,4
0,433	0,4
0,430	0,4
0,428	0,4
0,425	0,4
0,422	0,4
0,420	0,4
0,417	0,4
0,414	0,4
0,412	0,4
0,409	0,4
0,406	0,4
0,404	0,4
0,401	0,4
0,398	0,4
0,396	0,4
0,393	0,4
0,390	0,4
0,388	0,4
0,385	0,4
0,382	0,4
0,380	0,4
0,377	0,4
0,374	0,4
0,372	0,4
0,369	0,4
0,366	0,4
0,364	0,4
0,361	0,4
0,358	0,4
0,356	0,4
0,353	0,4
0,350	0,4
0,348	0,4
0,345	0,4
0,342	0,4
0,340	0,4
0,337	0,4
0,334	0,4
0,332	0,4
0,329	0,4
0,326	0,4
0,324	0,4
0,321	0,4
0,318	0,4
0,316	0,4
0,313	0,4
0,310	0,4
0,307	0,4
0,305	0,4
0,302	0,4
0,299	0,4
0,297	0,4
0,294	0,4
0,291	0,4
0,289	0,4
0,286	0,4
0,283	0,4
0,281	0,4
0,278	0,4
0,275	0,4
0,273	0,4
0,270	0,4
0,267	0,4
0,265	0,4
0,262	0,4
0,259	0,4
0,257	0,4
0,254	0,4
0,251	0,4
0,249	0,4
0,246	0,4
0,243	0,4
0,241	0,4
0,238	0,4
0,235	0,4
0,233	0,4
0,230	0,4
0,227	0,4
0,225	0,4
0,222	0,4
0,219	0,4
0,217	0,4
0,214	0,4
0,211	0,4
0,209	0,4
0,206	0,4
0,203	0,4
0,201	0,4
0,198	0,4
0,195	0,4
0,193	0,4
0,190	0,4
0,187	0,4
0,184	0,4
0,182	0,4
0,179	0,4
0,176	0,4
0,174	0,4
0,171	0,4
0,168	0,4
0,166	0,4
0,163	0,4
0,160	0,4
0,158	0,4
0,155	0,4
0,152	0,4
0,150	0,4
0,147	0,4
0,144	0,4
0,142	0,4
0,139	0,4
0,136	0,4
0,134	0,4
0,131	0,4
0,128	0,4
0,126	0,4
0,123	0,4
0,120	0,4
0,118	0,4
0,115	0,4
0,112	0,4
0,110	0,4
0,107	0,4
0,104	0,4
0,102	0,4
0,099	0,4
0,096	0,4
0,094	0,4
0,091	0,4
0,088	0,4
0,086	0,4
0,083	0,4
0,080	0,4
0,078	0,4
0,075	0,4
0,072	0,4
0,070	0,4
0,067	0,4
0,064	0,4
0,061	0,4
0,059	0,4
0,056	0,4
0,053	0,4
0,051	0,4
0,048	0,4
0,045	0,4
0,043	0,4
0,040	0,4
0,037	0,4
0,035	0,4
0,032	0,4
0,029	0,4
0,027	0,4
0,024	0,4
0,021	0,4
0,019	0,4
0,016	0,4
0,013	0,4
0,011	0,4
0,008	0,4
0,005	0,4
0,003	0,4
0,000	0,4
-0,003	0,4
-0,005	0,4
-0,008	0,4
-0,011	0,4
-0,013	0,4
-0,016	0,4
-0,019	0,4
-0,021	0,4
-0,024	0,4
-0,027	0,4
-0,029	0,4
-0,032	0,4
-0,035	0,4
-0,037	0,4
-0,040	0,4
-0,043	0,4
-0,045	0,4
-0,048	0,4
-0,051	0,4
-0,053	0,4
-0,056	0,4
-0,059	0,4
-0,061	0,4
-0,064	0,4
-0,067	0,4
-0,070	0,4
-0,072	0,4
-0,075	0,4
-0,078	0,4
-0,080	0,4
-0,083	0,4
-0,086	0,4
-0,088	0,4
-0,091	0,4
-0,094	0,4
-0,096	0,4
-0,099	0,4
-0,102	0,4
-0,104	0,4
-0,107	0,4
-0,110	0,4
-0,112	0,4
-0,115	0,4
-0,118	0,4
-0,120	0,4
-0,123	0,4
-0,126	0,4
-0,128	0,4
-0,131	0,4
-0,134	0,4
-0,136	0,4
-0,139	0,4
-0,142	0,4
-0,144	0,4
-0,147	0,4
-0,150	0,4
-0,152	0,4
-0,155	0,4
-0,158	0,4
-0,160	0,4
-0,163	0,4
-0,166	0,4
-0,168	0,4
-0,171	0,4
-0,174	0,4
-0,176	0,4
-0,179	0,4
-0,182	0,4
-0,184	0,4
-0,187	0,4
-0,190	0,4
-0,193	0,4
-0,195	0,4
-0,198	0,4
-0,201	0,4
-0,203	0,4
-0,206	0,4
-0,209	0,4
-0,211	0,4
-0,214	0,4
-0,217	0,4
-0,219	0,4
-0,222	0,4
-0,225	0,4
-0,227	0,4
-0,230	0,4
-0,233	0,4
-0,235	0,4
-0,238	0,4
-0,241	0,4
-0,243	0,4
-0,246	0,4
-0,249	0,4
-0,251	0,4
-0,254	0,4
-0,257	0,4
-0,259	0,4
-0,262	0,4
-0,265	0,4
-0,267	0,4
-0,270	0,4
-0,273	0,4
-0,275	0,4
-0,278	0,4
-0,281	0,4
-0,283	0,4
-0,286	0,4
-0,289	0,4
-0,291	0,4
-0,294	0,4
-0,297	0,4
-0,299	0,4
-0,302	0,4
-0,305	0,4
-0,307	0,4
-0,310	0,4
-0,313	0,4
-0,316	0,4
-0,318	0,4
-0,321	0,4
-0,324	0,4
-0,326	0,4
-0,329	0,4
-0,332	0,4
-0,334	0,4
-0,337	0,4
-0,340	0,4
-0,342	0,4
-0,345	0,4
-0,348	0,4
-0,350	0,4
-0,353	0,4
-0,356	0,4
-0,358	0,4
-0,361	0,4
-0,364	0,4
-0,366	0,4
-0,369	0,4
-0,372	0,4
-0,374	0,4
-0,377	0,4
-0,380	0,4
-0,382	0,4
-0,385	0,4
-0,388	0,4
-0,390	0,4
-0,393	0,4
-0,396	0,4
-0,398	0,4
-0,401	0,4
-0,404	0,4
-0,406	0,4
-0,409	0,4
-0,412	0,4
-0,414	0,4
-0,417	0,4
-0,420	0,4
-0,422	0,4
-0,425	0,4
-0,428	0,4
-0,430	0,4
-0,433	0,4
-0,436	0,4
-0,438	0,4
-0,441	0,4
-0,444	0,4
-0,447	0,4
-0,449	0,4
-0,452	0,4
-0,455	0,4
-0,457	0,4
-0,460	0,4
-0,463	0,4
-0,465	0,4
-0,468	0,4
-0,471	0,4
-0,473	0,4
-0,476	0,4
-0,479	0,4
-0,481	0,4
-0,484	0,4
-0,487	0,4
-0,489	0,4
-0,492	0,4
-0,495	0,4
-0,497	0,4
-0,500	0,4
-0,503	0,4
-0,505	0,4
-0,508	0,4
-0,511	0,4
-0,513	0,4
-0,516	0,4
-0,519	0,4
-0,521	0,4
-0,524	0,4
-0,527	0,4
-0,529	0,4
-0,532	0,4
-0,535	0,4
-0,537	0,4
-0,540	0,4
-0,543	0,4
-0,545	0,4
-0,548	0,4
-0,551	0,4
-0,553	0,4
-0,556	0,4
-0,559	0,4
-0,561	0,4
-0,564	0,4
-0,567	0,4
-0,570	0,4
-0,572	0,4
-0,575	0,4
-0,578	0,4
-0,580	0,4
-0,583	0,4
-0,586	0,4
-0,588	0,4
-0,591	0,4
-0,594	0,4
-0,596	0,4
-0,599	0,4
-0,602	0,4
-0,604	0,4
-0,607	0,4
-0,610	0,4
-0,612	0,4
-0,615	0,4
-0,618	0,4
-0,620	0,4
-0,623	0,4
-0,626	0,4
-0,628	0,4
-0,631	0,4
-0,634	0,4
-0,636	0,4
-0,639	0,4
-0,642	0,4
-0,644	0,4
-0,647	0,4
-0,650	0,4
-0,652	0,4
-0,655	0,4
-0,658	0,4
-0,660	0,4
-0,663	0,4
-0,666	0,4
-0,668	0,4
-0,671	0,4
-0,674	0,4
-0,676	0,4
-0,679	0,4
-0,682	0,4
-0,684	0,4
-0,687	0,4
-0,690	0,4
-0,692	0,4
-0,695	0,4
-0,698	0,4
-0,701	0,4
-0,703	0,4
-0,706	0,4
-0,709	0,4
-0,711	0,4
-0,714	0,4
-0,717	0,4
-0,719	0,4
-0,722	0,4
-0,725	0,4
-0,727	0,4
-0,730	0,4
-0,733	0,4
-0,735	0,4
-0,738	0,4
-0,741	0,4
-0,743	0,4
-0,746	0,4
-0,749	0,4
-0,751	0,4
-0,754	0,4
-0,757	0,4
-0,759	0,4
-0,762	0,4
-0,765	0,4
-0,767	0,4
-0,770	0,4
-0,773	0,4
-0,775	0,4
-0,778	0,4
-0,781	0,4
-0,783	0,4
-0,786	0,4
-0,789	0,4
-0,791	0,4
-0,794	0,4
-0,797	0,4
-0,799	0,4
-0,802	0,4
-0,805	0,4
-0,807	0,4
-0,810	0,4
-0,813	0,4
-0,815	0,4
-0,818	0,4
-0,821	0,4
-0,823	0,4
-0,826	0,4
-0,829	0,4
-0,831	0,4
-0,834	0,4
-0,837	0,4
-0,840	0,4
-0,842	0,4
-0,845	0,4
-0,848	0,4
-0,850	0,4
-0,853	0,4
-0,856	0,4
-0,858	0,4
-0,861	0,4
-0,864	0,4
-0,866	0,4
-0,869	0,4
-0,872	0,4
-0,874	0,4
-0,877	0,4
-0,880	0,4
-0,882	0,4
-0,885	0,4
-0,888	0,4
-0,890	0,4
-0,893	0,4
-0,896	0,4
-0,898	0,4
-0,901	0,4
-0,904	0,4
-0,906	0,4
-0,909	0,4
-0,912	0,4
-0,914	0,4
-0,917	0,4
-0,920	0,4
-0,922	0,4
-0,925	0,4
-0,928	0,4
-0,930	0,4
-0,933	0,4
-0,936	0,4
-0,938	0,4
-0,941	0,4
-0,944	0,4
-0,946	0,4
-0,949	0,4
-0,952	0,4
-0,954	0,4
-0,957	0,4
-0,960	0,4
-0,962	0,4
-0,965	0,4
-0,968	0,4
-0,970	0,4
-0,973	0,4
-0,976	0,4
-0,979	0,4
-0,981	0,4
-0,984	0,4
-0,987	0,4
-0,989	0,4
-0,992	0,4
-0,995	0,4
-0,997	0,4
-1,000	0,4
-1,003	0,4
-1,005	0,4
-1,008	0,4
-1,011	0,4
-1,013	0,4
-1,016	0,4
-1,019	0,4
-1,021	0,4
-1,024	0,4
-1,027	0,4
-1,029	0,4
-1,032	0,4
-1,035	0,4
-1,037	0,4
-1,040	0,4
-1,043	0,4
-1,045	0,4
-1,048	0,4
-1,051	0,4
-1,053	0,4
-1,056	0,4
-1,059	0,4
-1,061	0,4
-1,064	0,4
-1,067	0,4
-1,069	0,4
-1,072	0,4
-1,075	0,4
-1,077	0,4
-1,080	0,4
-1,083	0,4
-1,085	0,4
-1,088	0,4
-1,091	0,4
-1,093	0,4
-1,096	0,4
-1,099	0,5
-1,101	0,8
-1,104	1,1
-1,107	1,2
-1,109	1,4
-1,112	1,7
-1,115	1,9
-1,118	2,3
-1,120	2,7
-1,123	3,0
-1,126	3,3
-1,128	3,7
-1,131	4,1
-1,134	4,5
-1,136	4,9
-1,139	5,5
-1,142	6,2
-1,144	6,7
-1,147	7,3
-1,150	8,0
-1,152	8,7
-1,155	9,5
-1,158	10,4
-1,160	11,3
-1,163	12,4
-1,166	13,5
-1,168	14,9
-1,171	16,5
-1,174	18,2
-1,176	20,0
-1,179	22,1
-1,182	23,9
-1,184	25,8
-1,187	27,8
-1,190	30,0
-1,192	32,2
-1,195	34,5
-1,198	36,6
-1,200	38,7
-1,203	40,8
-1,206	42,8
-1,208	44,8
-1,211	46,5
-1,214	47,9
-1,216	49,1
-1,219	49,8
-1,222	50,5
-1,224	50,2
-1,227	49,5
-1,230	48,7
-1,232	47,8
-1,235	47,1
-1,238	45,8
-1,240	44,7
-1,243	42,7
-1,246	40,1
-1,248	37,3
-1,251	35,0
-1,254	33,1
-1,256	31,4
-1,259	28,6
-1,262	25,7
-1,265	23,2
-1,267	20,8
-1,270	18,7
-1,273	16,5
-1,275	14,7
-1,278	13,0
-1,281	11,1
-1,283	9,0
-1,286	7,5
-1,289	6,5
-1,291	6,0
-1,294	5,6
-1,297	5,1
-1,299	4,6
-1,302	4,1
-1,305	3,6
-1,307	3,2
-1,310	3,0
-1,313	2,9
-1,315	2,7
-1,318	2,6
-1,321	2,4
-1,323	2,4
-1,326	2,3
-1,329	2,2
-1,331	2,2
-1,334	2,1
-1,337	2,1
-1,339	2,1
-1,342	2,0
-1,345	2,0
-1,347	2,0
-1,350	2,0
-1,353	2,0
-1,355	2,0
-1,358	2,1
-1,361	2,2
-1,363	2,2
-1,366	2,3
-1,369	2,6
-1,371	2,6
-1,374	2,7
-1,377	2,8
-1,379	2,9
-1,382	2,9
-1,385	3,1
-1,387	3,2
-1,390	3,3
-1,393	3,4
-1,395	3,6
-1,398	3,6
-1,401	3,7
-1,403	3,8
-1,406	3,7
-1,409	3,5
-1,411	3,5
-1,414	3,4
-1,417	3,2
-1,419	3,0
-1,422	3,0
-1,425	2,9
-1,428	2,7
-1,430	2,5
-1,433	2,4
-1,436	2,2
-1,438	2,0
-1,441	1,9
-1,444	1,7
-1,446	1,5
-1,449	1,4
-1,452	1,3
-1,454	1,1
-1,457	0,9
-1,460	0,9
-1,462	0,8
-1,465	0,8
-1,468	0,8
-1,470	0,8
-1,473	0,8
-1,476	0,8
-1,478	0,8
-1,481	0,8
-1,484	0,8
-1,486	0,8
-1,489	0,8
-1,492	0,7
-1,494	0,6
-1,497	0,6
-1,500	0,6
-1,502	0,5
-1,505	0,5
-1,508	0,5
-1,510	0,5
-1,513	0,4
-1,516	0,4
-1,518	0,4
-1,521	0,4
-1,524	0,4
-1,526	0,4
-1,529	0,4
-1,532	0,4
-1,534	0,4
-1,537	0,4
-1,540	0,4
-1,542	0,4
-1,545	0,4
-1,548	0,4
-1,550	0,4
-1,553	0,4
-1,556	0,4
-1,558	0,4
-1,561	0,4
-1,564	0,4
-1,566	0,4
-1,569	0,4
-1,572	0,4
-1,574	0,4
-1,577	0,4
-1,580	0,4
-1,582	0,4
-1,585	0,4
-1,588	0,4
-1,591	0,4
-1,593	0,4
-1,596	0,4
-1,599	0,4
-1,601	0,4
-1,604	0,4
-1,607	0,4
-1,609	0,4
-1,612	0,4
-1,615	0,4
-1,617	0,4
-1,620	0,4
-1,623	0,4
-1,625	0,4
-1,628	0,4
-1,631	0,4
-1,633	0,4
-1,636	0,4
-1,639	0,4
-1,641	0,4
-1,644	0,4
-1,647	0,4
-1,649	0,4
-1,652	0,4
-1,655	0,4
-1,657	0,4
-1,660	0,4
-1,663	0,4
-1,665	0,4
-1,668	0,4
-1,671	0,4
-1,673	0,4
-1,676	0,4
-1,679	0,4
-1,681	0,4
-1,684	0,4
-1,687	0,4
-1,689	0,4
-1,692	0,4
-1,695	0,4
-1,697	0,4
-1,700	0,4
-1,703	0,4
-1,705	0,4
-1,708	0,4
-1,711	0,4
-1,713	0,4
-1,716	0,4
-1,719	0,4
-1,721	0,4
-1,724	0,4
-1,727	0,4
-1,729	0,4
-1,732	0,4
-1,735	0,4
-1,737	0,4
-1,740	0,4
-1,743	0,4
-1,745	0,4
-1,748	0,4
-1,751	0,4
-1,753	0,4
-1,756	0,4
-1,759	0,4
-1,761	0,4
-1,764	0,4
-1,767	0,4
-1,769	0,4
-1,772	0,4
-1,775	0,4
-1,778	0,4
-1,780	0,4
-1,783	0,4
-1,786	0,4
-1,788	0,4
-1,791	0,4
-1,794	0,4
-1,796	0,4
-1,799	0,4
-1,802	0,4
-1,804	0,4
-1,807	0,4
-1,810	0,4
-1,812	0,4
-1,815	0,4
-1,818	0,4
-1,820	0,4
-1,823	0,4
-1,826	0,4
-1,828	0,4
-1,831	0,4
-1,834	0,4
-1,836	0,4
-1,839	0,4
-1,842	0,4
-1,844	0,4
-1,847	0,4
-1,850	0,4
-1,852	0,4
-1,855	0,4
-1,858	0,4
-1,860	0,4
-1,863	0,4
-1,866	0,4
-1,868	0,4
-1,871	0,4
-1,874	0,4
-1,876	0,4
-1,879	0,4
-1,882	0,4
-1,884	0,4
-1,887	0,4
-1,890	0,4
-1,892	0,4
-1,895	0,4
-1,898	0,4
-1,900	0,4
-1,903	0,4
-1,906	0,4
-1,908	0,4
-1,911	0,4
-1,914	0,4
-1,916	0,4
-1,919	0,4
-1,922	0,4
-1,924	0,4
-1,927	0,4
-1,930	0,4
-1,932	0,4
-1,935	0,4
-1,938	0,4
-1,940	0,4
-1,943	0,4
-1,946	0,4
-1,948	0,4
-1,951	0,4
-1,954	0,4
-1,956	0,4
-1,959	0,4
-1,962	0,4
-1,964	0,4
-1,967	0,4
-1,970	0,4
-1,972	0,4
-1,975	0,4
-1,978	0,4
-1,980	0,4
-1,983	0,4
-1,986	0,4
-1,989	0,4
-1,991	0,4
-1,994	0,4
-1,997	0,4
-1,999	0,4
-2,002	0,4
-2,005	0,4
-2,007	0,4
-2,010	0,4
-2,013	0,4
-2,015	0,4
-2,018	0,4
-2,021	0,4
-2,023	0,4
-2,026	0,4
-2,029	0,4
-2,031	0,4
-2,034	0,4
-2,037	0,4
-2,039	0,4
-2,042	0,4
-2,045	0,4
-2,047	0,4
-2,050	0,4
-2,053	0,4
-2,055	0,4
-2,058	0,4
-2,061	0,4
-2,063	0,4
-2,066	0,4
-2,069	0,4
-2,071	0,4
-2,074	0,4
-2,077	0,4
-2,079	0,4
-2,082	0,4
-2,085	0,4
-2,087	0,4
-2,090	0,4
-2,093	0,4
-2,095	0,4
-2,098	0,4
-2,101	0,4
-2,103	0,4
-2,106	0,4
-2,109	0,4
-2,111	0,4
-2,114	0,4
-2,117	0,4
-2,119	0,4
-2,122	0,4
-2,125	0,4
-2,127	0,4
-2,130	0,4
-2,133	0,4
-2,135	0,4
-2,138	0,4
-2,141	0,4
-2,143	0,4
-2,146	0,4
-2,149	0,4
-2,151	0,4
-2,154	0,4
-2,157	0,4
-2,159	0,4
-2,162	0,4
-2,165	0,4
-2,167	0,4
-2,170	0,4
-2,173	0,4
-2,175	0,4
-2,178	0,4
-2,181	0,4
-2,183	0,4
-2,186	0,4
-2,189	0,4
-2,191	0,4
-2,194	0,4
-2,197	0,4
-2,199	0,4
-2,202	0,4
-2,205	0,4
-2,207	0,4
-2,210	0,4
-2,213	0,4
-2,215	0,4
-2,218	0,4
-2,221	0,4
-2,223	0,4
-2,226	0,4
-2,229	0,4
-2,231	0,4
-2,234	0,4
-2,237	0,4
-2,240	0,4
-2,242	0,4
-2,245	0,4
-2,248	0,4
-2,250	0,4
-2,253	0,4
-2,256	0,4
-2,258	0,4
-2,261	0,4
-2,264	0,4
-2,266	0,4
-2,269	0,4
-2,272	0,4
-2,274	0,4
-2,277	0,4
-2,280	0,4
-2,282	0,4
-2,285	0,4
-2,288	0,4
-2,290	0,4
-2,293	0,4
-2,296	0,4
-2,298	0,4
-2,301	0,4
-2,304	0,4
-2,306	0,4
-2,309	0,4
-2,312	0,4
-2,314	0,4
-2,317	0,4
-2,320	0,4
-2,322	0,4
-2,325	0,4
-2,328	0,4
-2,330	0,4
-2,333	0,4
-2,336	0,4
-2,338	0,4
-2,341	0,4
-2,344	0,4
-2,346	0,4
-2,349	0,4
-2,352	0,4
-2,354	0,4
-2,357	0,4
-2,360	0,4
-2,362	0,4
-2,365	0,4
-2,368	0,4
-2,370	0,4
-2,373	0,4
-2,376	0,4
-2,378	0,4
-2,381	0,4
-2,384	0,4
-2,386	0,4
-2,389	0,4
-2,392	0,4
-2,394	0,4
-2,397	0,4
-2,400	0,4
-2,402	0,4
-2,405	0,4
-2,408	0,4
-2,410	0,4
-2,413	0,4
-2,416	0,4
-2,418	0,4
-2,421	0,4
-2,424	0,4
-2,426	0,4
-2,429	0,4
-2,432	0,4
-2,434	0,4
-2,437	0,4
-2,440	0,4
-2,442	0,4
-2,445	0,4
-2,448	0,4
-2,450	0,4
-2,453	0,4
-2,456	0,4
-2,458	0,4
-2,461	0,4
-2,464	0,4
-2,466	0,4
-2,469	0,4
-2,472	0,4
-2,474	0,4
-2,477	0,4
-2,480	0,4
-2,482	0,4
-2,485	0,4
-2,488	0,4
-2,490	0,4
-2,493	0,4
-2,496	0,4
-2,498	0,4
-2,501	0,4
-2,504	0,4
-2,506	0,4
-2,509	0,4
-2,512	0,4
-2,514	0,4
-2,517	0,4
-2,520	0,4
-2,522	0,4
-2,525	0,4
-2,528	0,4
-2,530	0,4
-2,533	0,4
-2,536	0,4
-2,538	0,4
-2,541	0,4
-2,544	0,4
-2,546	0,4
-2,549	0,4
-2,552	0,4
-2,554	0,4
-2,557	0,4
-2,560	0,4
-2,562	0,4
-2,565	0,4
-2,568	0,4
-2,570	0,4
-2,573	0,4
-2,576	0,4
-2,578	0,4
-2,581	0,4
-2,584	0,4
-2,586	0,4
-2,589	0,4
-2,592	0,4
-2,594	0,4
-2,597	0,4
-2,600	0,4
-2,602	0,4
-2,605	0,4
-2,608	0,4
-2,610	0,4
-2,613	0,4
-2,616	0,4
-2,619	0,4
-2,621	0,4
-2,624	0,4
-2,627	0,4
-2,629	0,4
-2,632	0,4
-2,635	0,4
-2,637	0,4
-2,640	0,4
-2,643	0,4
-2,645	0,4
-2,648	0,4
-2,651	0,4
-2,653	0,4
-2,656	0,4
-2,659	0,4
-2,661	0,4
-2,664	0,4
-2,667	0,4
-2,669	0,4
-2,672	0,4
-2,675	0,4
-2,677	0,4
-2,680	0,4
-2,683	0,4
-2,685	0,4
-2,688	0,4
-2,691	0,4
-2,693	0,4
-2,696	0,4
-2,699	0,4
-2,701	0,4
-2,704	0,4
-2,707	0,4
-2,709	0,4
-2,712	0,4
-2,715	0,4
-2,717	0,4
-2,720	0,4
-2,723	0,4
-2,725	0,4
-2,728	0,4
-2,731	0,4
-2,733	0,4
